859002
891196
841529
441062
343018
670876
506282
121094
747710
344897
336363
111364
739716
629929
667926
122905
887998
203002
517433
527336
804659
934684
307717
792106
741728
708303
540836
778900
132422
484010
869279
991425
375206
229307
432486
236723
900183
457268
876317
647893
802165
212679
277756
60379
842608
464182
183284
249104
185683
219217
776441
508841
672400
602657
819447
414127
310959
360282
193026
443381
844292
580805
953305
737997
810112
385791
974720
710294
361558
851036
876686
163722
582214
672942
224102
424821
655623
925886
192425
841306
145102
968866
350146
817502
571522
688092
750129
400980
48373
943155
362860
411165
523959
316165
667661
334070
220455
642381
562864
582013
